2015-03-11	12:36
Amplitude: 1,00 V
Freq  (Hz) 	 Gain (dB)  	 Phase (deg)
12000,091            -26,883             83,852            12000,000            -26,455             87,274
12092,479            -26,589             84,018            12027,663            -26,351             87,241
12185,611            -26,239             85,578            12055,389            -26,246             87,207
12279,488            -25,819             82,198            12083,180            -26,140             87,173
12374,111            -25,492             81,977            12111,035            -26,032             87,138
12469,478            -25,064             83,399            12138,953            -25,923             87,102
12565,590            -24,603             82,929            12166,937            -25,813             87,065
12662,448            -24,206             82,111            12194,984            -25,702             87,027
12759,864            -23,793             82,340            12223,097            -25,589             86,988
12858,212            -23,287             81,260            12251,274            -25,474             86,948
12957,305            -22,836             80,841            12279,516            -25,358             86,907
13057,142            -22,277             79,783            12307,823            -25,241             86,865
13157,725            -21,773             79,493            12336,196            -25,122             86,821
13259,053            -21,172             78,510            12364,633            -25,002             86,777
13361,312            -20,491             77,238            12393,137            -24,879             86,731
13464,130            -19,812             76,081            12421,706            -24,756             86,684
13567,880            -19,072             74,530            12450,341            -24,630             86,636
13672,560            -18,283             72,734            12479,042            -24,503             86,586
13777,800            -17,351             70,113            12507,809            -24,373             86,535
13883,971            -16,379             66,975            12536,643            -24,242             86,482
13990,887            -15,285             62,334            12565,543            -24,109             86,428
14098,734            -14,150             56,567            12594,509            -23,974             86,372
14207,326            -12,974             48,259            12623,542            -23,837             86,314
14316,849            -11,870             37,470            12652,643            -23,698             86,254
14427,118            -11,038             24,289            12681,810            -23,556             86,193
14538,318            -10,611             10,102            12711,045            -23,412             86,129
14650,263            -10,598             -3,854            12740,347            -23,266             86,063
14763,139            -10,911            -16,384            12769,716            -23,118             85,995
14876,947            -11,471            -27,628            12799,153            -22,966             85,925
14991,686            -12,219            -37,120            12828,659            -22,813             85,852
15107,170            -13,040            -44,825            12858,232            -22,656             85,776
15223,585            -13,915            -51,423            12887,873            -22,497             85,698
15340,745            -14,803            -56,552            12917,583            -22,335             85,617
15459,023            -15,672            -61,323            12947,361            -22,170             85,532
15578,046            -16,511            -63,922            12977,207            -22,001             85,445
15698,187            -17,330            -66,682            13007,123            -21,830             85,354
15819,073            -18,119            -69,809            13037,107            -21,655             85,259
15940,890            -18,846            -71,232            13067,161            -21,476             85,160
16063,824            -19,511            -73,233            13097,284            -21,294             85,057
16187,504            -20,130            -73,876            13127,476            -21,108             84,950
16312,301            -20,773            -76,244            13157,738            -20,918             84,838
16438,030            -21,314            -77,150            13188,070            -20,724             84,721
16564,690            -21,879            -77,498            13218,472            -20,525             84,599
16692,281            -22,387            -78,744            13248,943            -20,322             84,470
16820,803            -22,902            -79,014            13279,485            -20,114             84,336
16950,443            -23,319            -79,928            13310,098            -19,901             84,195
17081,015            -23,776            -79,481            13340,781            -19,683             84,047
17212,704            -24,208            -81,059            13371,534            -19,460             83,891
17345,324            -24,633            -79,875            13402,359            -19,230             83,727
17478,876            -25,030            -82,010            13433,255            -18,995             83,554
17613,545            -25,496            -81,734            13464,221            -18,753             83,371
17749,332            -25,764            -81,366            13495,260            -18,504             83,178
17886,050            -26,179            -82,422            13526,369            -18,248             82,973
  0,000               -Inf              0,000            13557,551            -17,985             82,755
  0,000               -Inf              0,000            13588,804            -17,713             82,524
  0,000               -Inf              0,000            13620,130            -17,433             82,277
  0,000               -Inf              0,000            13651,527            -17,144             82,014
  0,000               -Inf              0,000            13682,997            -16,845             81,732
  0,000               -Inf              0,000            13714,540            -16,536             81,430
  0,000               -Inf              0,000            13746,155            -16,215             81,106
  0,000               -Inf              0,000            13777,843            -15,883             80,756
  0,000               -Inf              0,000            13809,605            -15,538             80,378
  0,000               -Inf              0,000            13841,439            -15,179             79,968
  0,000               -Inf              0,000            13873,347            -14,805             79,521
  0,000               -Inf              0,000            13905,328            -14,415             79,034
  0,000               -Inf              0,000            13937,383            -14,007             78,500
  0,000               -Inf              0,000            13969,512            -13,580             77,913
  0,000               -Inf              0,000            14001,715            -13,133             77,263
  0,000               -Inf              0,000            14033,993            -12,662             76,540
  0,000               -Inf              0,000            14066,344            -12,166             75,733
  0,000               -Inf              0,000            14098,771            -11,642             74,825
  0,000               -Inf              0,000            14131,272            -11,087             73,798
  0,000               -Inf              0,000            14163,848            -10,498             72,625
  0,000               -Inf              0,000            14196,499             -9,870             71,276
  0,000               -Inf              0,000            14229,225             -9,199             69,710
  0,000               -Inf              0,000            14262,027             -8,481             67,872
  0,000               -Inf              0,000            14294,904             -7,709             65,691
  0,000               -Inf              0,000            14327,857             -6,879             63,067
  0,000               -Inf              0,000            14360,886             -5,986             59,867
  0,000               -Inf              0,000            14393,992             -5,028             55,906
  0,000               -Inf              0,000            14427,173             -4,010             50,931
  0,000               -Inf              0,000            14460,431             -2,951             44,608
  0,000               -Inf              0,000            14493,766             -1,901             36,537
  0,000               -Inf              0,000            14527,178             -0,954             26,358
  0,000               -Inf              0,000            14560,666             -0,263             14,039
  0,000               -Inf              0,000            14594,232             -0,000              0,264
  0,000               -Inf              0,000            14627,875             -0,245            -13,542
  0,000               -Inf              0,000            14661,596             -0,922            -25,934
  0,000               -Inf              0,000            14695,394             -1,862            -36,195
  0,000               -Inf              0,000            14729,271             -2,911            -44,340
  0,000               -Inf              0,000            14763,225             -3,971            -50,721
  0,000               -Inf              0,000            14797,258             -4,991            -55,740
  0,000               -Inf              0,000            14831,369             -5,951            -59,734
  0,000               -Inf              0,000            14865,559             -6,847            -62,958
  0,000               -Inf              0,000            14899,828             -7,679            -65,601
  0,000               -Inf              0,000            14934,175             -8,453            -67,797
  0,000               -Inf              0,000            14968,602             -9,173            -69,647
  0,000               -Inf              0,000            15003,108             -9,845            -71,222
  0,000               -Inf              0,000            15037,694            -10,475            -72,578
  0,000               -Inf              0,000            15072,360            -11,065            -73,756
  0,000               -Inf              0,000            15107,105            -11,622            -74,789
  0,000               -Inf              0,000            15141,930            -12,147            -75,701
  0,000               -Inf              0,000            15176,836            -12,644            -76,512
  0,000               -Inf              0,000            15211,822            -13,115            -77,237
  0,000               -Inf              0,000            15246,889            -13,564            -77,889
  0,000               -Inf              0,000            15282,037            -13,992            -78,479
  0,000               -Inf              0,000            15317,266            -14,400            -79,015
  0,000               -Inf              0,000            15352,576            -14,791            -79,504
  0,000               -Inf              0,000            15387,967            -15,165            -79,952
  0,000               -Inf              0,000            15423,440            -15,525            -80,363
  0,000               -Inf              0,000            15458,995            -15,870            -80,742
  0,000               -Inf              0,000            15494,631            -16,203            -81,093
  0,000               -Inf              0,000            15530,350            -16,524            -81,419
  0,000               -Inf              0,000            15566,151            -16,834            -81,721
  0,000               -Inf              0,000            15602,035            -17,133            -82,004
  0,000               -Inf              0,000            15638,001            -17,422            -82,268
  0,000               -Inf              0,000            15674,051            -17,703            -82,515
  0,000               -Inf              0,000            15710,183            -17,975            -82,747
  0,000               -Inf              0,000            15746,399            -18,239            -82,965
  0,000               -Inf              0,000            15782,698            -18,495            -83,170
  0,000               -Inf              0,000            15819,081            -18,744            -83,364
  0,000               -Inf              0,000            15855,548            -18,986            -83,547
  0,000               -Inf              0,000            15892,098            -19,222            -83,721
  0,000               -Inf              0,000            15928,733            -19,451            -83,885
  0,000               -Inf              0,000            15965,453            -19,675            -84,041
  0,000               -Inf              0,000            16002,257            -19,893            -84,190
  0,000               -Inf              0,000            16039,146            -20,106            -84,331
  0,000               -Inf              0,000            16076,120            -20,314            -84,466
  0,000               -Inf              0,000            16113,180            -20,518            -84,594
  0,000               -Inf              0,000            16150,324            -20,716            -84,717
  0,000               -Inf              0,000            16187,555            -20,911            -84,834
  0,000               -Inf              0,000            16224,871            -21,101            -84,946
  0,000               -Inf              0,000            16262,273            -21,287            -85,053
  0,000               -Inf              0,000            16299,761            -21,469            -85,156
  0,000               -Inf              0,000            16337,336            -21,648            -85,255
  0,000               -Inf              0,000            16374,998            -21,823            -85,350
  0,000               -Inf              0,000            16412,746            -21,995            -85,441
  0,000               -Inf              0,000            16450,581            -22,163            -85,529
  0,000               -Inf              0,000            16488,504            -22,329            -85,614
  0,000               -Inf              0,000            16526,514            -22,491            -85,695
  0,000               -Inf              0,000            16564,611            -22,650            -85,773
  0,000               -Inf              0,000            16602,797            -22,807            -85,849
  0,000               -Inf              0,000            16641,070            -22,961            -85,922
  0,000               -Inf              0,000            16679,432            -23,112            -85,992
  0,000               -Inf              0,000            16717,882            -23,261            -86,061
  0,000               -Inf              0,000            16756,420            -23,407            -86,126
  0,000               -Inf              0,000            16795,048            -23,551            -86,190
  0,000               -Inf              0,000            16833,764            -23,692            -86,252
  0,000               -Inf              0,000            16872,570            -23,832            -86,312
  0,000               -Inf              0,000            16911,466            -23,969            -86,370
  0,000               -Inf              0,000            16950,451            -24,104            -86,426
  0,000               -Inf              0,000            16989,525            -24,237            -86,480
  0,000               -Inf              0,000            17028,690            -24,369            -86,533
  0,000               -Inf              0,000            17067,945            -24,498            -86,584
  0,000               -Inf              0,000            17107,291            -24,625            -86,634
  0,000               -Inf              0,000            17146,728            -24,751            -86,682
  0,000               -Inf              0,000            17186,255            -24,875            -86,729
  0,000               -Inf              0,000            17225,873            -24,997            -86,775
  0,000               -Inf              0,000            17265,583            -25,118            -86,820
  0,000               -Inf              0,000            17305,384            -25,237            -86,863
  0,000               -Inf              0,000            17345,277            -25,354            -86,905
  0,000               -Inf              0,000            17385,262            -25,470            -86,946
  0,000               -Inf              0,000            17425,339            -25,584            -86,986
  0,000               -Inf              0,000            17465,509            -25,697            -87,025
  0,000               -Inf              0,000            17505,771            -25,809            -87,063
  0,000               -Inf              0,000            17546,126            -25,919            -87,100
  0,000               -Inf              0,000            17586,574            -26,028            -87,136
  0,000               -Inf              0,000            17627,115            -26,136            -87,172
  0,000               -Inf              0,000            17667,750            -26,242            -87,206
  0,000               -Inf              0,000            17708,478            -26,347            -87,240
  0,000               -Inf              0,000            17749,301            -26,451            -87,273
  0,000               -Inf              0,000            17790,217            -26,554            -87,305
  0,000               -Inf              0,000            17831,228            -26,655            -87,336
  0,000               -Inf              0,000            17872,333            -26,756            -87,367
  0,000               -Inf              0,000            17913,533            -26,855            -87,397
  0,000               -Inf              0,000            17954,828            -26,953            -87,426
  0,000               -Inf              0,000            17996,218            -27,050            -87,455
