2015-03-11	12:39
Amplitude: 1,00 V
Freq  (Hz) 	 Gain (dB)  	 Phase (deg)
12000,091            -15,015             77,353            12000,000            -14,687             79,376
12092,479            -14,698             77,416            12027,663            -14,586             79,251
12185,611            -14,383             75,967            12055,389            -14,484             79,123
12279,488            -14,053             75,545            12083,180            -14,382             78,992
12374,111            -13,698             74,962            12111,035            -14,278             78,858
12469,478            -13,328             74,628            12138,953            -14,173             78,721
12565,590            -12,969             73,508            12166,937            -14,067             78,580
12662,448            -12,593             72,323            12194,984            -13,959             78,436
12759,864            -12,175             71,650            12223,097            -13,851             78,288
12858,212            -11,760             70,647            12251,274            -13,741             78,137
12957,305            -11,314             69,309            12279,516            -13,630             77,982
13057,142            -10,855             68,249            12307,823            -13,517             77,823
13157,725            -10,370             66,875            12336,196            -13,403             77,660
13259,053             -9,870             65,115            12364,633            -13,288             77,492
13361,312             -9,331             63,221            12393,137            -13,171             77,320
13464,130             -8,784             61,149            12421,706            -13,053             77,144
13567,880             -8,184             58,741            12450,341            -12,933             76,962
13672,560             -7,586             56,280            12479,042            -12,812             76,775
13777,800             -6,963             52,767            12507,809            -12,689             76,584
13883,971             -6,329             48,905            12536,643            -12,565             76,386
13990,887             -5,704             44,441            12565,543            -12,439             76,184
14098,734             -5,084             39,195            12594,509            -12,311             75,975
14207,326             -4,526             33,204            12623,542            -12,182             75,759
14316,849             -4,024             26,577            12652,643            -12,050             75,538
14427,118             -3,620             19,254            12681,810            -11,917             75,310
14538,318             -3,369             10,968            12711,045            -11,782             75,074
14650,263             -3,274              2,992            12740,347            -11,645             74,831
14763,139             -3,303             -4,685            12769,716            -11,506             74,581
14876,947             -3,494            -12,517            12799,153            -11,365             74,322
14991,686             -3,789            -19,597            12828,659            -11,222             74,055
15107,170             -4,193            -26,426            12858,232            -11,077             73,778
15223,585             -4,665            -31,972            12887,873            -10,929             73,493
15340,745             -5,164            -37,519            12917,583            -10,780             73,197
15459,023             -5,712            -42,073            12947,361            -10,628             72,892
15578,046             -6,271            -46,444            12977,207            -10,473             72,575
15698,187             -6,867            -49,928            13007,123            -10,316             72,247
15819,073             -7,391            -52,597            13037,107            -10,157             71,906
15940,890             -7,958            -56,164            13067,161             -9,995             71,553
16063,824             -8,507            -58,343            13097,284             -9,830             71,187
16187,504             -9,012            -60,664            13127,476             -9,662             70,806
16312,301             -9,522            -62,170            13157,738             -9,492             70,411
16438,030             -9,996            -63,989            13188,070             -9,319             69,999
16564,690            -10,475            -65,335            13218,472             -9,142             69,571
16692,281            -10,924            -67,206            13248,943             -8,963             69,125
16820,803            -11,372            -68,242            13279,485             -8,780             68,660
16950,443            -11,779            -69,977            13310,098             -8,594             68,174
17081,015            -12,187            -70,751            13340,781             -8,405             67,668
17212,704            -12,593            -71,368            13371,534             -8,212             67,139
17345,324            -12,970            -71,871            13402,359             -8,016             66,586
17478,876            -13,318            -72,885            13433,255             -7,816             66,007
17613,545            -13,690            -73,716            13464,221             -7,612             65,401
17749,332            -14,017            -74,110            13495,260             -7,405             64,765
17886,050            -14,360            -74,647            13526,369             -7,194             64,098
  0,000               -Inf              0,000            13557,551             -6,978             63,398
  0,000               -Inf              0,000            13588,804             -6,759             62,662
  0,000               -Inf              0,000            13620,130             -6,536             61,887
  0,000               -Inf              0,000            13651,527             -6,308             61,072
  0,000               -Inf              0,000            13682,997             -6,077             60,212
  0,000               -Inf              0,000            13714,540             -5,841             59,305
  0,000               -Inf              0,000            13746,155             -5,600             58,347
  0,000               -Inf              0,000            13777,843             -5,356             57,334
  0,000               -Inf              0,000            13809,605             -5,108             56,262
  0,000               -Inf              0,000            13841,439             -4,856             55,126
  0,000               -Inf              0,000            13873,347             -4,600             53,923
  0,000               -Inf              0,000            13905,328             -4,340             52,646
  0,000               -Inf              0,000            13937,383             -4,077             51,289
  0,000               -Inf              0,000            13969,512             -3,811             49,848
  0,000               -Inf              0,000            14001,715             -3,543             48,316
  0,000               -Inf              0,000            14033,993             -3,274             46,686
  0,000               -Inf              0,000            14066,344             -3,003             44,951
  0,000               -Inf              0,000            14098,771             -2,732             43,105
  0,000               -Inf              0,000            14131,272             -2,463             41,141
  0,000               -Inf              0,000            14163,848             -2,196             39,051
  0,000               -Inf              0,000            14196,499             -1,934             36,831
  0,000               -Inf              0,000            14229,225             -1,677             34,474
  0,000               -Inf              0,000            14262,027             -1,429             31,976
  0,000               -Inf              0,000            14294,904             -1,192             29,334
  0,000               -Inf              0,000            14327,857             -0,968             26,549
  0,000               -Inf              0,000            14360,886             -0,760             23,621
  0,000               -Inf              0,000            14393,992             -0,571             20,557
  0,000               -Inf              0,000            14427,173             -0,405             17,365
  0,000               -Inf              0,000            14460,431             -0,264             14,058
  0,000               -Inf              0,000            14493,766             -0,151             10,652
  0,000               -Inf              0,000            14527,178             -0,068              7,169
  0,000               -Inf              0,000            14560,666             -0,017              3,632
  0,000               -Inf              0,000            14594,232             -0,000              0,067
  0,000               -Inf              0,000            14627,875             -0,016             -3,499
  0,000               -Inf              0,000            14661,596             -0,066             -7,037
  0,000               -Inf              0,000            14695,394             -0,147            -10,523
  0,000               -Inf              0,000            14729,271             -0,259            -13,932
  0,000               -Inf              0,000            14763,225             -0,399            -17,243
  0,000               -Inf              0,000            14797,258             -0,565            -20,439
  0,000               -Inf              0,000            14831,369             -0,753            -23,509
  0,000               -Inf              0,000            14865,559             -0,960            -26,442
  0,000               -Inf              0,000            14899,828             -1,183            -29,233
  0,000               -Inf              0,000            14934,175             -1,420            -31,879
  0,000               -Inf              0,000            14968,602             -1,668            -34,383
  0,000               -Inf              0,000            15003,108             -1,924            -36,745
  0,000               -Inf              0,000            15037,694             -2,186            -38,971
  0,000               -Inf              0,000            15072,360             -2,453            -41,065
  0,000               -Inf              0,000            15107,105             -2,722            -43,034
  0,000               -Inf              0,000            15141,930             -2,993            -44,884
  0,000               -Inf              0,000            15176,836             -3,263            -46,623
  0,000               -Inf              0,000            15211,822             -3,533            -48,257
  0,000               -Inf              0,000            15246,889             -3,801            -49,792
  0,000               -Inf              0,000            15282,037             -4,067            -51,237
  0,000               -Inf              0,000            15317,266             -4,330            -52,596
  0,000               -Inf              0,000            15352,576             -4,590            -53,876
  0,000               -Inf              0,000            15387,967             -4,846            -55,083
  0,000               -Inf              0,000            15423,440             -5,099            -56,221
  0,000               -Inf              0,000            15458,995             -5,347            -57,295
  0,000               -Inf              0,000            15494,631             -5,591            -58,310
  0,000               -Inf              0,000            15530,350             -5,832            -59,270
  0,000               -Inf              0,000            15566,151             -6,068            -60,179
  0,000               -Inf              0,000            15602,035             -6,300            -61,040
  0,000               -Inf              0,000            15638,001             -6,527            -61,858
  0,000               -Inf              0,000            15674,051             -6,751            -62,634
  0,000               -Inf              0,000            15710,183             -6,970            -63,371
  0,000               -Inf              0,000            15746,399             -7,186            -64,073
  0,000               -Inf              0,000            15782,698             -7,397            -64,741
  0,000               -Inf              0,000            15819,081             -7,605            -65,377
  0,000               -Inf              0,000            15855,548             -7,809            -65,985
  0,000               -Inf              0,000            15892,098             -8,009            -66,565
  0,000               -Inf              0,000            15928,733             -8,205            -67,119
  0,000               -Inf              0,000            15965,453             -8,398            -67,649
  0,000               -Inf              0,000            16002,257             -8,587            -68,156
  0,000               -Inf              0,000            16039,146             -8,773            -68,642
  0,000               -Inf              0,000            16076,120             -8,956            -69,107
  0,000               -Inf              0,000            16113,180             -9,136            -69,554
  0,000               -Inf              0,000            16150,324             -9,312            -69,983
  0,000               -Inf              0,000            16187,555             -9,485            -70,395
  0,000               -Inf              0,000            16224,871             -9,656            -70,792
  0,000               -Inf              0,000            16262,273             -9,824            -71,173
  0,000               -Inf              0,000            16299,761             -9,989            -71,540
  0,000               -Inf              0,000            16337,336            -10,151            -71,893
  0,000               -Inf              0,000            16374,998            -10,310            -72,234
  0,000               -Inf              0,000            16412,746            -10,467            -72,563
  0,000               -Inf              0,000            16450,581            -10,622            -72,880
  0,000               -Inf              0,000            16488,504            -10,774            -73,186
  0,000               -Inf              0,000            16526,514            -10,924            -73,482
  0,000               -Inf              0,000            16564,611            -11,071            -73,768
  0,000               -Inf              0,000            16602,797            -11,217            -74,044
  0,000               -Inf              0,000            16641,070            -11,360            -74,312
  0,000               -Inf              0,000            16679,432            -11,501            -74,571
  0,000               -Inf              0,000            16717,882            -11,640            -74,822
  0,000               -Inf              0,000            16756,420            -11,777            -75,065
  0,000               -Inf              0,000            16795,048            -11,912            -75,301
  0,000               -Inf              0,000            16833,764            -12,045            -75,529
  0,000               -Inf              0,000            16872,570            -12,177            -75,751
  0,000               -Inf              0,000            16911,466            -12,306            -75,967
  0,000               -Inf              0,000            16950,451            -12,434            -76,176
  0,000               -Inf              0,000            16989,525            -12,560            -76,379
  0,000               -Inf              0,000            17028,690            -12,685            -76,576
  0,000               -Inf              0,000            17067,945            -12,808            -76,768
  0,000               -Inf              0,000            17107,291            -12,929            -76,955
  0,000               -Inf              0,000            17146,728            -13,049            -77,137
  0,000               -Inf              0,000            17186,255            -13,167            -77,314
  0,000               -Inf              0,000            17225,873            -13,284            -77,486
  0,000               -Inf              0,000            17265,583            -13,399            -77,654
  0,000               -Inf              0,000            17305,384            -13,513            -77,817
  0,000               -Inf              0,000            17345,277            -13,625            -77,976
  0,000               -Inf              0,000            17385,262            -13,737            -78,131
  0,000               -Inf              0,000            17425,339            -13,847            -78,283
  0,000               -Inf              0,000            17465,509            -13,955            -78,431
  0,000               -Inf              0,000            17505,771            -14,063            -78,575
  0,000               -Inf              0,000            17546,126            -14,169            -78,715
  0,000               -Inf              0,000            17586,574            -14,274            -78,853
  0,000               -Inf              0,000            17627,115            -14,378            -78,987
  0,000               -Inf              0,000            17667,750            -14,481            -79,118
  0,000               -Inf              0,000            17708,478            -14,582            -79,246
  0,000               -Inf              0,000            17749,301            -14,683            -79,371
  0,000               -Inf              0,000            17790,217            -14,782            -79,494
  0,000               -Inf              0,000            17831,228            -14,881            -79,613
  0,000               -Inf              0,000            17872,333            -14,978            -79,731
  0,000               -Inf              0,000            17913,533            -15,074            -79,845
  0,000               -Inf              0,000            17954,828            -15,170            -79,957
  0,000               -Inf              0,000            17996,218            -15,264            -80,067
