2015-03-11	12:56
Amplitude: 1,00 V
Freq  (Hz) 	 Gain (dB)  	 Phase (deg)
12000,091            -17,052             79,191            12000,000            -16,644             81,537
12092,479            -16,711             78,292            12027,663            -16,542             81,436
12185,611            -16,380             78,074            12055,389            -16,439             81,334
12279,488            -16,008             78,268            12083,180            -16,335             81,228
12374,111            -15,643             77,228            12111,035            -16,230             81,121
12469,478            -15,240             76,528            12138,953            -16,123             81,010
12565,590            -14,848             76,052            12166,937            -16,015             80,897
12662,448            -14,429             74,939            12194,984            -15,906             80,781
12759,864            -14,002             74,366            12223,097            -15,796             80,662
12858,212            -13,536             73,526            12251,274            -15,684             80,540
12957,305            -13,060             72,333            12279,516            -15,571             80,415
13057,142            -12,541             71,681            12307,823            -15,457             80,287
13157,725            -12,015             70,391            12336,196            -15,341             80,155
13259,053            -11,418             68,814            12364,633            -15,224             80,020
13361,312            -10,845             67,283            12393,137            -15,105             79,881
13464,130            -10,225             65,682            12421,706            -14,985             79,738
13567,880             -9,542             63,252            12450,341            -14,863             79,592
13672,560             -8,807             60,920            12479,042            -14,739             79,441
13777,800             -8,037             58,213            12507,809            -14,614             79,286
13883,971             -7,235             54,598            12536,643            -14,487             79,126
13990,887             -6,381             50,378            12565,543            -14,358             78,962
14098,734             -5,531             45,002            12594,509            -14,228             78,792
14207,326             -4,671             38,498            12623,542            -14,095             78,618
14316,849             -3,881             30,624            12652,643            -13,961             78,438
14427,118             -3,182             21,284            12681,810            -13,824             78,252
14538,318             -2,726             10,793            12711,045            -13,686             78,061
14650,263             -2,571             -0,635            12740,347            -13,546             77,863
14763,139             -2,746            -11,710            12769,716            -13,403             77,659
14876,947             -3,203            -21,999            12799,153            -13,258             77,449
14991,686             -3,885            -31,112            12828,659            -13,111             77,231
15107,170             -4,663            -38,704            12858,232            -12,962             77,005
15223,585             -5,528            -45,488            12887,873            -12,810             76,772
15340,745             -6,369            -50,503            12917,583            -12,655             76,530
15459,023             -7,215            -54,954            12947,361            -12,498             76,279
15578,046             -8,035            -57,867            12977,207            -12,339             76,020
15698,187             -8,786            -60,886            13007,123            -12,176             75,750
15819,073             -9,523            -63,935            13037,107            -12,011             75,471
15940,890            -10,176            -66,016            13067,161            -11,843             75,180
16063,824            -10,813            -67,762            13097,284            -11,671             74,878
16187,504            -11,429            -69,542            13127,476            -11,497             74,564
16312,301            -11,977            -70,523            13157,738            -11,319             74,236
16438,030            -12,510            -71,706            13188,070            -11,138             73,895
16564,690            -13,016            -72,616            13218,472            -10,954             73,540
16692,281            -13,534            -74,294            13248,943            -10,765             73,169
16820,803            -13,986            -75,068            13279,485            -10,574             72,781
16950,443            -14,420            -75,491            13310,098            -10,378             72,376
17081,015            -14,840            -76,403            13340,781            -10,178             71,952
17212,704            -15,239            -77,009            13371,534             -9,974             71,508
17345,324            -15,616            -77,513            13402,359             -9,766             71,043
17478,876            -15,999            -77,787            13433,255             -9,553             70,554
17613,545            -16,384            -79,618            13464,221             -9,336             70,041
17749,332            -16,719            -79,940            13495,260             -9,114             69,502
17886,050            -17,015            -79,185            13526,369             -8,887             68,933
  0,000               -Inf              0,000            13557,551             -8,655             68,335
  0,000               -Inf              0,000            13588,804             -8,418             67,702
  0,000               -Inf              0,000            13620,130             -8,175             67,035
  0,000               -Inf              0,000            13651,527             -7,926             66,328
  0,000               -Inf              0,000            13682,997             -7,672             65,579
  0,000               -Inf              0,000            13714,540             -7,411             64,785
  0,000               -Inf              0,000            13746,155             -7,145             63,941
  0,000               -Inf              0,000            13777,843             -6,872             63,043
  0,000               -Inf              0,000            13809,605             -6,593             62,087
  0,000               -Inf              0,000            13841,439             -6,307             61,066
  0,000               -Inf              0,000            13873,347             -6,014             59,975
  0,000               -Inf              0,000            13905,328             -5,715             58,807
  0,000               -Inf              0,000            13937,383             -5,409             57,555
  0,000               -Inf              0,000            13969,512             -5,096             56,210
  0,000               -Inf              0,000            14001,715             -4,778             54,765
  0,000               -Inf              0,000            14033,993             -4,453             53,208
  0,000               -Inf              0,000            14066,344             -4,123             51,530
  0,000               -Inf              0,000            14098,771             -3,788             49,719
  0,000               -Inf              0,000            14131,272             -3,450             47,761
  0,000               -Inf              0,000            14163,848             -3,109             45,645
  0,000               -Inf              0,000            14196,499             -2,768             43,355
  0,000               -Inf              0,000            14229,225             -2,429             40,879
  0,000               -Inf              0,000            14262,027             -2,094             38,204
  0,000               -Inf              0,000            14294,904             -1,766             35,316
  0,000               -Inf              0,000            14327,857             -1,451             32,207
  0,000               -Inf              0,000            14360,886             -1,153             28,870
  0,000               -Inf              0,000            14393,992             -0,876             25,304
  0,000               -Inf              0,000            14427,173             -0,627             21,516
  0,000               -Inf              0,000            14460,431             -0,413             17,519
  0,000               -Inf              0,000            14493,766             -0,238             13,340
  0,000               -Inf              0,000            14527,178             -0,108              9,010
  0,000               -Inf              0,000            14560,666             -0,028              4,575
  0,000               -Inf              0,000            14594,232             -0,000              0,084
  0,000               -Inf              0,000            14627,875             -0,026             -4,407
  0,000               -Inf              0,000            14661,596             -0,104             -8,846
  0,000               -Inf              0,000            14695,394             -0,232            -13,180
  0,000               -Inf              0,000            14729,271             -0,405            -17,366
  0,000               -Inf              0,000            14763,225             -0,619            -21,369
  0,000               -Inf              0,000            14797,258             -0,866            -25,166
  0,000               -Inf              0,000            14831,369             -1,142            -28,740
  0,000               -Inf              0,000            14865,559             -1,440            -32,086
  0,000               -Inf              0,000            14899,828             -1,754            -35,204
  0,000               -Inf              0,000            14934,175             -2,081            -38,099
  0,000               -Inf              0,000            14968,602             -2,416            -40,783
  0,000               -Inf              0,000            15003,108             -2,755            -43,266
  0,000               -Inf              0,000            15037,694             -3,096            -45,562
  0,000               -Inf              0,000            15072,360             -3,437            -47,685
  0,000               -Inf              0,000            15107,105             -3,775            -49,648
  0,000               -Inf              0,000            15141,930             -4,110            -51,465
  0,000               -Inf              0,000            15176,836             -4,441            -53,148
  0,000               -Inf              0,000            15211,822             -4,765            -54,709
  0,000               -Inf              0,000            15246,889             -5,084            -56,158
  0,000               -Inf              0,000            15282,037             -5,397            -57,506
  0,000               -Inf              0,000            15317,266             -5,703            -58,761
  0,000               -Inf              0,000            15352,576             -6,003            -59,932
  0,000               -Inf              0,000            15387,967             -6,296            -61,026
  0,000               -Inf              0,000            15423,440             -6,582            -62,049
  0,000               -Inf              0,000            15458,995             -6,862            -63,008
  0,000               -Inf              0,000            15494,631             -7,135            -63,908
  0,000               -Inf              0,000            15530,350             -7,402            -64,754
  0,000               -Inf              0,000            15566,151             -7,662            -65,550
  0,000               -Inf              0,000            15602,035             -7,917            -66,301
  0,000               -Inf              0,000            15638,001             -8,166            -67,009
  0,000               -Inf              0,000            15674,051             -8,409            -67,678
  0,000               -Inf              0,000            15710,183             -8,646            -68,311
  0,000               -Inf              0,000            15746,399             -8,879            -68,912
  0,000               -Inf              0,000            15782,698             -9,106            -69,481
  0,000               -Inf              0,000            15819,081             -9,328            -70,022
  0,000               -Inf              0,000            15855,548             -9,545            -70,536
  0,000               -Inf              0,000            15892,098             -9,758            -71,025
  0,000               -Inf              0,000            15928,733             -9,967            -71,491
  0,000               -Inf              0,000            15965,453            -10,171            -71,936
  0,000               -Inf              0,000            16002,257            -10,370            -72,361
  0,000               -Inf              0,000            16039,146            -10,566            -72,766
  0,000               -Inf              0,000            16076,120            -10,758            -73,155
  0,000               -Inf              0,000            16113,180            -10,947            -73,526
  0,000               -Inf              0,000            16150,324            -11,131            -73,882
  0,000               -Inf              0,000            16187,555            -11,312            -74,224
  0,000               -Inf              0,000            16224,871            -11,490            -74,552
  0,000               -Inf              0,000            16262,273            -11,665            -74,866
  0,000               -Inf              0,000            16299,761            -11,836            -75,169
  0,000               -Inf              0,000            16337,336            -12,005            -75,460
  0,000               -Inf              0,000            16374,998            -12,170            -75,740
  0,000               -Inf              0,000            16412,746            -12,332            -76,010
  0,000               -Inf              0,000            16450,581            -12,492            -76,270
  0,000               -Inf              0,000            16488,504            -12,649            -76,521
  0,000               -Inf              0,000            16526,514            -12,804            -76,763
  0,000               -Inf              0,000            16564,611            -12,956            -76,996
  0,000               -Inf              0,000            16602,797            -13,105            -77,222
  0,000               -Inf              0,000            16641,070            -13,253            -77,441
  0,000               -Inf              0,000            16679,432            -13,398            -77,652
  0,000               -Inf              0,000            16717,882            -13,540            -77,856
  0,000               -Inf              0,000            16756,420            -13,681            -78,054
  0,000               -Inf              0,000            16795,048            -13,819            -78,245
  0,000               -Inf              0,000            16833,764            -13,956            -78,431
  0,000               -Inf              0,000            16872,570            -14,090            -78,611
  0,000               -Inf              0,000            16911,466            -14,223            -78,786
  0,000               -Inf              0,000            16950,451            -14,353            -78,955
  0,000               -Inf              0,000            16989,525            -14,482            -79,120
  0,000               -Inf              0,000            17028,690            -14,609            -79,280
  0,000               -Inf              0,000            17067,945            -14,735            -79,435
  0,000               -Inf              0,000            17107,291            -14,858            -79,586
  0,000               -Inf              0,000            17146,728            -14,980            -79,733
  0,000               -Inf              0,000            17186,255            -15,101            -79,876
  0,000               -Inf              0,000            17225,873            -15,219            -80,015
  0,000               -Inf              0,000            17265,583            -15,337            -80,150
  0,000               -Inf              0,000            17305,384            -15,453            -80,282
  0,000               -Inf              0,000            17345,277            -15,567            -80,411
  0,000               -Inf              0,000            17385,262            -15,680            -80,536
  0,000               -Inf              0,000            17425,339            -15,792            -80,658
  0,000               -Inf              0,000            17465,509            -15,902            -80,777
  0,000               -Inf              0,000            17505,771            -16,011            -80,893
  0,000               -Inf              0,000            17546,126            -16,119            -81,006
  0,000               -Inf              0,000            17586,574            -16,226            -81,116
  0,000               -Inf              0,000            17627,115            -16,331            -81,224
  0,000               -Inf              0,000            17667,750            -16,435            -81,330
  0,000               -Inf              0,000            17708,478            -16,538            -81,433
  0,000               -Inf              0,000            17749,301            -16,640            -81,533
  0,000               -Inf              0,000            17790,217            -16,740            -81,632
  0,000               -Inf              0,000            17831,228            -16,840            -81,728
  0,000               -Inf              0,000            17872,333            -16,939            -81,822
  0,000               -Inf              0,000            17913,533            -17,036            -81,914
  0,000               -Inf              0,000            17954,828            -17,133            -82,004
  0,000               -Inf              0,000            17996,218            -17,228            -82,092
