2015-03-11	12:54
Amplitude: 1,00 V
Freq  (Hz) 	 Gain (dB)  	 Phase (deg)
12000,091             -8,355             64,188            12000,000             -7,795             65,945
12092,479             -8,069             63,240            12027,663             -7,709             65,689
12185,611             -7,799             62,188            12055,389             -7,621             65,427
12279,488             -7,503             61,364            12083,180             -7,533             65,160
12374,111             -7,206             60,718            12111,035             -7,445             64,888
12469,478             -6,889             59,551            12138,953             -7,356             64,611
12565,590             -6,578             57,957            12166,937             -7,266             64,327
12662,448             -6,262             56,547            12194,984             -7,175             64,038
12759,864             -5,931             55,010            12223,097             -7,084             63,743
12858,212             -5,604             53,747            12251,274             -6,992             63,441
12957,305             -5,268             51,926            12279,516             -6,899             63,134
13057,142             -4,915             50,021            12307,823             -6,806             62,819
13157,725             -4,580             48,060            12336,196             -6,711             62,499
13259,053             -4,230             46,117            12364,633             -6,617             62,171
13361,312             -3,864             43,900            12393,137             -6,521             61,836
13464,130             -3,527             41,053            12421,706             -6,425             61,493
13567,880             -3,186             38,438            12450,341             -6,328             61,143
13672,560             -2,842             35,663            12479,042             -6,230             60,785
13777,800             -2,525             32,484            12507,809             -6,132             60,420
13883,971             -2,226             29,063            12536,643             -6,033             60,045
13990,887             -1,937             25,267            12565,543             -5,933             59,663
14098,734             -1,649             21,668            12594,509             -5,832             59,271
14207,326             -1,401             17,621            12623,542             -5,731             58,871
14316,849             -1,200             13,261            12652,643             -5,629             58,461
14427,118             -1,098              8,786            12681,810             -5,526             58,041
14538,318             -1,033              4,386            12711,045             -5,422             57,612
14650,263             -1,000             -0,620            12740,347             -5,318             57,172
14763,139             -1,024             -4,975            12769,716             -5,213             56,722
14876,947             -1,111             -9,576            12799,153             -5,108             56,261
14991,686             -1,221            -14,011            12828,659             -5,001             55,788
15107,170             -1,410            -18,382            12858,232             -4,894             55,304
15223,585             -1,667            -22,412            12887,873             -4,787             54,808
15340,745             -1,947            -26,354            12917,583             -4,679             54,300
15459,023             -2,226            -29,437            12947,361             -4,570             53,779
15578,046             -2,537            -33,302            12977,207             -4,460             53,244
15698,187             -2,864            -36,258            13007,123             -4,350             52,697
15819,073             -3,195            -38,795            13037,107             -4,239             52,135
15940,890             -3,540            -42,192            13067,161             -4,128             51,559
16063,824             -3,892            -44,534            13097,284             -4,017             50,968
16187,504             -4,247            -46,736            13127,476             -3,904             50,362
16312,301             -4,571            -48,896            13157,738             -3,792             49,740
16438,030             -4,927            -50,669            13188,070             -3,679             49,102
16564,690             -5,275            -52,763            13218,472             -3,566             48,447
16692,281             -5,599            -53,840            13248,943             -3,452             47,775
16820,803             -5,896            -55,265            13279,485             -3,338             47,086
16950,443             -6,262            -57,426            13310,098             -3,224             46,378
17081,015             -6,562            -58,326            13340,781             -3,110             45,651
17212,704             -6,894            -60,538            13371,534             -2,996             44,906
17345,324             -7,190            -60,193            13402,359             -2,882             44,140
17478,876             -7,488            -62,824            13433,255             -2,768             43,355
17613,545             -7,797            -63,136            13464,221             -2,654             42,548
17749,332             -8,101            -64,238            13495,260             -2,541             41,721
17886,050             -8,365            -65,063            13526,369             -2,428             40,872
  0,000               -Inf              0,000            13557,551             -2,315             40,000
  0,000               -Inf              0,000            13588,804             -2,203             39,106
  0,000               -Inf              0,000            13620,130             -2,092             38,189
  0,000               -Inf              0,000            13651,527             -1,981             37,248
  0,000               -Inf              0,000            13682,997             -1,872             36,283
  0,000               -Inf              0,000            13714,540             -1,764             35,294
  0,000               -Inf              0,000            13746,155             -1,657             34,280
  0,000               -Inf              0,000            13777,843             -1,552             33,242
  0,000               -Inf              0,000            13809,605             -1,449             32,178
  0,000               -Inf              0,000            13841,439             -1,347             31,089
  0,000               -Inf              0,000            13873,347             -1,247             29,975
  0,000               -Inf              0,000            13905,328             -1,150             28,835
  0,000               -Inf              0,000            13937,383             -1,055             27,670
  0,000               -Inf              0,000            13969,512             -0,963             26,479
  0,000               -Inf              0,000            14001,715             -0,873             25,263
  0,000               -Inf              0,000            14033,993             -0,787             24,023
  0,000               -Inf              0,000            14066,344             -0,704             22,759
  0,000               -Inf              0,000            14098,771             -0,625             21,470
  0,000               -Inf              0,000            14131,272             -0,549             20,159
  0,000               -Inf              0,000            14163,848             -0,478             18,825
  0,000               -Inf              0,000            14196,499             -0,410             17,470
  0,000               -Inf              0,000            14229,225             -0,347             16,095
  0,000               -Inf              0,000            14262,027             -0,289             14,700
  0,000               -Inf              0,000            14294,904             -0,236             13,287
  0,000               -Inf              0,000            14327,857             -0,187             11,858
  0,000               -Inf              0,000            14360,886             -0,144             10,414
  0,000               -Inf              0,000            14393,992             -0,107              8,956
  0,000               -Inf              0,000            14427,173             -0,074              7,486
  0,000               -Inf              0,000            14460,431             -0,048              6,007
  0,000               -Inf              0,000            14493,766             -0,027              4,519
  0,000               -Inf              0,000            14527,178             -0,012              3,026
  0,000               -Inf              0,000            14560,666             -0,003              1,528
  0,000               -Inf              0,000            14594,232             -0,000              0,028
  0,000               -Inf              0,000            14627,875             -0,003             -1,472
  0,000               -Inf              0,000            14661,596             -0,012             -2,970
  0,000               -Inf              0,000            14695,394             -0,026             -4,463
  0,000               -Inf              0,000            14729,271             -0,047             -5,951
  0,000               -Inf              0,000            14763,225             -0,073             -7,431
  0,000               -Inf              0,000            14797,258             -0,105             -8,901
  0,000               -Inf              0,000            14831,369             -0,143            -10,359
  0,000               -Inf              0,000            14865,559             -0,186            -11,804
  0,000               -Inf              0,000            14899,828             -0,234            -13,234
  0,000               -Inf              0,000            14934,175             -0,287            -14,647
  0,000               -Inf              0,000            14968,602             -0,345            -16,043
  0,000               -Inf              0,000            15003,108             -0,408            -17,419
  0,000               -Inf              0,000            15037,694             -0,475            -18,775
  0,000               -Inf              0,000            15072,360             -0,546            -20,109
  0,000               -Inf              0,000            15107,105             -0,622            -21,422
  0,000               -Inf              0,000            15141,930             -0,701            -22,711
  0,000               -Inf              0,000            15176,836             -0,784            -23,976
  0,000               -Inf              0,000            15211,822             -0,870            -25,217
  0,000               -Inf              0,000            15246,889             -0,959            -26,434
  0,000               -Inf              0,000            15282,037             -1,051            -27,625
  0,000               -Inf              0,000            15317,266             -1,146            -28,792
  0,000               -Inf              0,000            15352,576             -1,243            -29,932
  0,000               -Inf              0,000            15387,967             -1,343            -31,048
  0,000               -Inf              0,000            15423,440             -1,445            -32,138
  0,000               -Inf              0,000            15458,995             -1,548            -33,202
  0,000               -Inf              0,000            15494,631             -1,653            -34,242
  0,000               -Inf              0,000            15530,350             -1,760            -35,257
  0,000               -Inf              0,000            15566,151             -1,868            -36,247
  0,000               -Inf              0,000            15602,035             -1,977            -37,212
  0,000               -Inf              0,000            15638,001             -2,088            -38,154
  0,000               -Inf              0,000            15674,051             -2,199            -39,072
  0,000               -Inf              0,000            15710,183             -2,311            -39,967
  0,000               -Inf              0,000            15746,399             -2,423            -40,839
  0,000               -Inf              0,000            15782,698             -2,536            -41,689
  0,000               -Inf              0,000            15819,081             -2,650            -42,518
  0,000               -Inf              0,000            15855,548             -2,764            -43,325
  0,000               -Inf              0,000            15892,098             -2,878            -44,111
  0,000               -Inf              0,000            15928,733             -2,992            -44,877
  0,000               -Inf              0,000            15965,453             -3,106            -45,624
  0,000               -Inf              0,000            16002,257             -3,220            -46,351
  0,000               -Inf              0,000            16039,146             -3,334            -47,059
  0,000               -Inf              0,000            16076,120             -3,448            -47,750
  0,000               -Inf              0,000            16113,180             -3,561            -48,422
  0,000               -Inf              0,000            16150,324             -3,675            -49,078
  0,000               -Inf              0,000            16187,555             -3,788            -49,716
  0,000               -Inf              0,000            16224,871             -3,900            -50,339
  0,000               -Inf              0,000            16262,273             -4,012            -50,946
  0,000               -Inf              0,000            16299,761             -4,124            -51,537
  0,000               -Inf              0,000            16337,336             -4,235            -52,114
  0,000               -Inf              0,000            16374,998             -4,346            -52,676
  0,000               -Inf              0,000            16412,746             -4,456            -53,224
  0,000               -Inf              0,000            16450,581             -4,566            -53,759
  0,000               -Inf              0,000            16488,504             -4,674            -54,280
  0,000               -Inf              0,000            16526,514             -4,783            -54,789
  0,000               -Inf              0,000            16564,611             -4,890            -55,286
  0,000               -Inf              0,000            16602,797             -4,997            -55,770
  0,000               -Inf              0,000            16641,070             -5,104            -56,243
  0,000               -Inf              0,000            16679,432             -5,209            -56,705
  0,000               -Inf              0,000            16717,882             -5,314            -57,155
  0,000               -Inf              0,000            16756,420             -5,418            -57,596
  0,000               -Inf              0,000            16795,048             -5,522            -58,025
  0,000               -Inf              0,000            16833,764             -5,625            -58,445
  0,000               -Inf              0,000            16872,570             -5,727            -58,856
  0,000               -Inf              0,000            16911,466             -5,828            -59,256
  0,000               -Inf              0,000            16950,451             -5,929            -59,648
  0,000               -Inf              0,000            16989,525             -6,029            -60,031
  0,000               -Inf              0,000            17028,690             -6,128            -60,406
  0,000               -Inf              0,000            17067,945             -6,226            -60,772
  0,000               -Inf              0,000            17107,291             -6,324            -61,130
  0,000               -Inf              0,000            17146,728             -6,421            -61,480
  0,000               -Inf              0,000            17186,255             -6,517            -61,823
  0,000               -Inf              0,000            17225,873             -6,613            -62,158
  0,000               -Inf              0,000            17265,583             -6,708            -62,486
  0,000               -Inf              0,000            17305,384             -6,802            -62,808
  0,000               -Inf              0,000            17345,277             -6,895            -63,122
  0,000               -Inf              0,000            17385,262             -6,988            -63,430
  0,000               -Inf              0,000            17425,339             -7,080            -63,732
  0,000               -Inf              0,000            17465,509             -7,172            -64,027
  0,000               -Inf              0,000            17505,771             -7,262            -64,316
  0,000               -Inf              0,000            17546,126             -7,352            -64,600
  0,000               -Inf              0,000            17586,574             -7,441            -64,878
  0,000               -Inf              0,000            17627,115             -7,530            -65,150
  0,000               -Inf              0,000            17667,750             -7,618            -65,417
  0,000               -Inf              0,000            17708,478             -7,705            -65,679
  0,000               -Inf              0,000            17749,301             -7,792            -65,936
  0,000               -Inf              0,000            17790,217             -7,878            -66,188
  0,000               -Inf              0,000            17831,228             -7,963            -66,435
  0,000               -Inf              0,000            17872,333             -8,048            -66,677
  0,000               -Inf              0,000            17913,533             -8,132            -66,915
  0,000               -Inf              0,000            17954,828             -8,215            -67,148
  0,000               -Inf              0,000            17996,218             -8,298            -67,377
